B_0 = 1000000000.000000
P_0 =  1000.000000
n_0 = 1000000000.000000
K =     0.200000
L = 10000.000000
H = 10000.000000
nGridXY = 25
nGridZ = 25
nSamp = 100.000000
g = 2.000000
alpha = 0.500000
beta = 100
eta = 10000.000000
delta = 0.100000
r = 20.000000
zeta = 1.000000
D_B = 0.000000
D_P = 10000.000000
D_n = 2500000.000000
dT = 0.001000
T_end = 15.000000
rngSeed = 5.000000
s = 1
experimentalConditions = 0
clustering = 1
shielding = 1
singleInternalState = 0
reducedBeta = 0
reducedBoundary = 0
>>Simulation completed without exit flag<<
