B_0 =    25.000000
P_0 = 1500000000.000000
n_0 = 1000000000.000000
K =     0.200000
L = 10000.000000
H = 400.000000
nGridXY = 100
nGridZ = 4
nSamp = 100.000000
g = 1.935484
alpha = 0.500000
beta = 400
eta = 13200.000000
delta = 0.003000
r = 10.000000
zeta = 0.200000
D_B = 0.000000
D_P = 10000.000000
D_n = 2500000.000000
dT = 0.000500
T_end = 22.000000
rngSeed = 173.000000
s = 10
experimentalConditions = 1
clustering = 1
shielding = 1
reducedBeta = 0
reducedBoundary = 1
>>Simulation completed with exit flag<<
